# IF YOU WANT TO GENERATE A SIMILAR FILE TO COMPARE WITH THIS FILE
# YOU CAN USE THESE LOOPS TO GENERATE
#    for each_seed in range(1,11):
#        for each_length in [11,13,17,19]:
#            for each_step in [2,3,4,5,6,7,8,9,10]:
------1-11-2------
17, 72, 97, 8, 32, 15, 63, 97, 57, 60, 83
72, 8, 15, 97, 60, 17, 97, 32, 63, 57, 83
$$$$$$$$$$$$
------1-11-3------
17, 72, 97, 8, 32, 15, 63, 97, 57, 60, 83
97, 15, 57, 17, 8, 63, 60, 72, 32, 97, 83
$$$$$$$$$$$$
------1-11-4------
17, 72, 97, 8, 32, 15, 63, 97, 57, 60, 83
8, 97, 17, 32, 57, 72, 15, 60, 97, 63, 83
$$$$$$$$$$$$
------1-11-5------
17, 72, 97, 8, 32, 15, 63, 97, 57, 60, 83
32, 60, 8, 57, 97, 97, 72, 63, 17, 15, 83
$$$$$$$$$$$$
------1-11-6------
17, 72, 97, 8, 32, 15, 63, 97, 57, 60, 83
15, 17, 63, 72, 97, 97, 57, 8, 60, 32, 83
$$$$$$$$$$$$
------1-11-7------
17, 72, 97, 8, 32, 15, 63, 97, 57, 60, 83
63, 97, 60, 15, 72, 57, 32, 17, 97, 8, 83
$$$$$$$$$$$$
------1-11-8------
17, 72, 97, 8, 32, 15, 63, 97, 57, 60, 83
97, 32, 72, 60, 63, 8, 17, 57, 15, 97, 83
$$$$$$$$$$$$
------1-11-9------
17, 72, 97, 8, 32, 15, 63, 97, 57, 60, 83
57, 63, 32, 97, 17, 60, 97, 15, 8, 72, 83
$$$$$$$$$$$$
------1-11-10------
17, 72, 97, 8, 32, 15, 63, 97, 57, 60, 83
60, 57, 97, 63, 15, 32, 8, 97, 72, 17, 83
$$$$$$$$$$$$
------1-13-2------
17, 72, 97, 8, 32, 15, 63, 97, 57, 60, 83, 48, 26
72, 8, 15, 97, 60, 48, 17, 97, 32, 63, 57, 83, 26
$$$$$$$$$$$$
------1-13-3------
17, 72, 97, 8, 32, 15, 63, 97, 57, 60, 83, 48, 26
97, 15, 57, 48, 72, 32, 97, 83, 17, 8, 63, 60, 26
$$$$$$$$$$$$
------1-13-4------
17, 72, 97, 8, 32, 15, 63, 97, 57, 60, 83, 48, 26
8, 97, 48, 97, 63, 83, 72, 15, 60, 17, 32, 57, 26
$$$$$$$$$$$$
------1-13-5------
17, 72, 97, 8, 32, 15, 63, 97, 57, 60, 83, 48, 26
32, 60, 72, 63, 48, 8, 57, 17, 15, 83, 97, 97, 26
$$$$$$$$$$$$
------1-13-6------
17, 72, 97, 8, 32, 15, 63, 97, 57, 60, 83, 48, 26
15, 48, 32, 83, 8, 60, 97, 57, 72, 97, 17, 63, 26
$$$$$$$$$$$$
------1-13-7------
17, 72, 97, 8, 32, 15, 63, 97, 57, 60, 83, 48, 26
63, 17, 97, 72, 57, 97, 60, 8, 83, 32, 48, 15, 26
$$$$$$$$$$$$
------1-13-8------
17, 72, 97, 8, 32, 15, 63, 97, 57, 60, 83, 48, 26
97, 97, 83, 15, 17, 57, 8, 48, 63, 72, 60, 32, 26
$$$$$$$$$$$$
------1-13-9------
17, 72, 97, 8, 32, 15, 63, 97, 57, 60, 83, 48, 26
57, 32, 17, 60, 15, 72, 83, 63, 97, 48, 97, 8, 26
$$$$$$$$$$$$
------1-13-10------
17, 72, 97, 8, 32, 15, 63, 97, 57, 60, 83, 48, 26
60, 63, 8, 17, 83, 97, 32, 72, 48, 57, 15, 97, 26
$$$$$$$$$$$$
------1-17-2------
17, 72, 97, 8, 32, 15, 63, 97, 57, 60, 83, 48, 26, 12, 62, 3, 49
72, 8, 15, 97, 60, 48, 12, 3, 17, 97, 32, 63, 57, 83, 26, 62, 49
$$$$$$$$$$$$
------1-17-3------
17, 72, 97, 8, 32, 15, 63, 97, 57, 60, 83, 48, 26, 12, 62, 3, 49
97, 15, 57, 48, 62, 17, 8, 63, 60, 26, 3, 72, 32, 97, 83, 12, 49
$$$$$$$$$$$$
------1-17-4------
17, 72, 97, 8, 32, 15, 63, 97, 57, 60, 83, 48, 26, 12, 62, 3, 49
8, 97, 48, 3, 97, 63, 83, 62, 72, 15, 60, 12, 17, 32, 57, 26, 49
$$$$$$$$$$$$
------1-17-5------
17, 72, 97, 8, 32, 15, 63, 97, 57, 60, 83, 48, 26, 12, 62, 3, 49
32, 60, 62, 97, 97, 26, 17, 15, 83, 3, 8, 57, 12, 72, 63, 48, 49
$$$$$$$$$$$$
------1-17-6------
17, 72, 97, 8, 32, 15, 63, 97, 57, 60, 83, 48, 26, 12, 62, 3, 49
15, 48, 17, 63, 26, 72, 97, 12, 97, 57, 62, 8, 60, 3, 32, 83, 49
$$$$$$$$$$$$
------1-17-7------
17, 72, 97, 8, 32, 15, 63, 97, 57, 60, 83, 48, 26, 12, 62, 3, 49
63, 12, 8, 83, 17, 97, 62, 32, 48, 72, 57, 3, 15, 26, 97, 60, 49
$$$$$$$$$$$$
------1-17-8------
17, 72, 97, 8, 32, 15, 63, 97, 57, 60, 83, 48, 26, 12, 62, 3, 49
97, 3, 63, 62, 15, 12, 32, 26, 8, 48, 97, 83, 72, 60, 17, 57, 49
$$$$$$$$$$$$
------1-17-9------
17, 72, 97, 8, 32, 15, 63, 97, 57, 60, 83, 48, 26, 12, 62, 3, 49
57, 17, 60, 72, 83, 97, 48, 8, 26, 32, 12, 15, 62, 63, 3, 97, 49
$$$$$$$$$$$$
------1-17-10------
17, 72, 97, 8, 32, 15, 63, 97, 57, 60, 83, 48, 26, 12, 62, 3, 49
60, 97, 26, 15, 3, 57, 72, 48, 32, 62, 97, 17, 83, 8, 12, 63, 49
$$$$$$$$$$$$
------1-19-2------
17, 72, 97, 8, 32, 15, 63, 97, 57, 60, 83, 48, 26, 12, 62, 3, 49, 55, 77
72, 8, 15, 97, 60, 48, 12, 3, 55, 17, 97, 32, 63, 57, 83, 26, 62, 49, 77
$$$$$$$$$$$$
------1-19-3------
17, 72, 97, 8, 32, 15, 63, 97, 57, 60, 83, 48, 26, 12, 62, 3, 49, 55, 77
97, 15, 57, 48, 62, 55, 72, 32, 97, 83, 12, 49, 17, 8, 63, 60, 26, 3, 77
$$$$$$$$$$$$
------1-19-4------
17, 72, 97, 8, 32, 15, 63, 97, 57, 60, 83, 48, 26, 12, 62, 3, 49, 55, 77
8, 97, 48, 3, 17, 32, 57, 26, 49, 72, 15, 60, 12, 55, 97, 63, 83, 62, 77
$$$$$$$$$$$$
------1-19-5------
17, 72, 97, 8, 32, 15, 63, 97, 57, 60, 83, 48, 26, 12, 62, 3, 49, 55, 77
32, 60, 62, 17, 15, 83, 3, 72, 63, 48, 49, 97, 97, 26, 55, 8, 57, 12, 77
$$$$$$$$$$$$
------1-19-6------
17, 72, 97, 8, 32, 15, 63, 97, 57, 60, 83, 48, 26, 12, 62, 3, 49, 55, 77
15, 48, 55, 32, 83, 49, 8, 60, 3, 97, 57, 62, 72, 97, 12, 17, 63, 26, 77
$$$$$$$$$$$$
------1-19-7------
17, 72, 97, 8, 32, 15, 63, 97, 57, 60, 83, 48, 26, 12, 62, 3, 49, 55, 77
63, 12, 72, 57, 3, 8, 83, 55, 15, 26, 17, 97, 62, 97, 60, 49, 32, 48, 77
$$$$$$$$$$$$
------1-19-8------
17, 72, 97, 8, 32, 15, 63, 97, 57, 60, 83, 48, 26, 12, 62, 3, 49, 55, 77
97, 3, 32, 26, 72, 60, 55, 63, 62, 8, 48, 17, 57, 49, 15, 12, 97, 83, 77
$$$$$$$$$$$$
------1-19-9------
17, 72, 97, 8, 32, 15, 63, 97, 57, 60, 83, 48, 26, 12, 62, 3, 49, 55, 77
57, 55, 97, 49, 63, 3, 15, 62, 32, 12, 8, 26, 97, 48, 72, 83, 17, 60, 77
$$$$$$$$$$$$
------1-19-10------
17, 72, 97, 8, 32, 15, 63, 97, 57, 60, 83, 48, 26, 12, 62, 3, 49, 55, 77
60, 17, 83, 72, 48, 97, 26, 8, 12, 32, 62, 15, 3, 63, 49, 97, 55, 57, 77
$$$$$$$$$$$$
------2-11-2------
7, 11, 10, 46, 21, 94, 85, 39, 32, 77, 27
11, 46, 94, 39, 77, 7, 10, 21, 85, 32, 27
$$$$$$$$$$$$
------2-11-3------
7, 11, 10, 46, 21, 94, 85, 39, 32, 77, 27
10, 94, 32, 7, 46, 85, 77, 11, 21, 39, 27
$$$$$$$$$$$$
------2-11-4------
7, 11, 10, 46, 21, 94, 85, 39, 32, 77, 27
46, 39, 7, 21, 32, 11, 94, 77, 10, 85, 27
$$$$$$$$$$$$
------2-11-5------
7, 11, 10, 46, 21, 94, 85, 39, 32, 77, 27
21, 77, 46, 32, 10, 39, 11, 85, 7, 94, 27
$$$$$$$$$$$$
------2-11-6------
7, 11, 10, 46, 21, 94, 85, 39, 32, 77, 27
94, 7, 85, 11, 39, 10, 32, 46, 77, 21, 27
$$$$$$$$$$$$
------2-11-7------
7, 11, 10, 46, 21, 94, 85, 39, 32, 77, 27
85, 10, 77, 94, 11, 32, 21, 7, 39, 46, 27
$$$$$$$$$$$$
------2-11-8------
7, 11, 10, 46, 21, 94, 85, 39, 32, 77, 27
39, 21, 11, 77, 85, 46, 7, 32, 94, 10, 27
$$$$$$$$$$$$
------2-11-9------
7, 11, 10, 46, 21, 94, 85, 39, 32, 77, 27
32, 85, 21, 10, 7, 77, 39, 94, 46, 11, 27
$$$$$$$$$$$$
------2-11-10------
7, 11, 10, 46, 21, 94, 85, 39, 32, 77, 27
77, 32, 39, 85, 94, 21, 46, 10, 11, 7, 27
$$$$$$$$$$$$
------2-13-2------
7, 11, 10, 46, 21, 94, 85, 39, 32, 77, 27, 77, 4
11, 46, 94, 39, 77, 77, 7, 10, 21, 85, 32, 27, 4
$$$$$$$$$$$$
------2-13-3------
7, 11, 10, 46, 21, 94, 85, 39, 32, 77, 27, 77, 4
10, 94, 32, 77, 11, 21, 39, 27, 7, 46, 85, 77, 4
$$$$$$$$$$$$
------2-13-4------
7, 11, 10, 46, 21, 94, 85, 39, 32, 77, 27, 77, 4
46, 39, 77, 10, 85, 27, 11, 94, 77, 7, 21, 32, 4
$$$$$$$$$$$$
------2-13-5------
7, 11, 10, 46, 21, 94, 85, 39, 32, 77, 27, 77, 4
21, 77, 11, 85, 77, 46, 32, 7, 94, 27, 10, 39, 4
$$$$$$$$$$$$
------2-13-6------
7, 11, 10, 46, 21, 94, 85, 39, 32, 77, 27, 77, 4
94, 77, 21, 27, 46, 77, 10, 32, 11, 39, 7, 85, 4
$$$$$$$$$$$$
------2-13-7------
7, 11, 10, 46, 21, 94, 85, 39, 32, 77, 27, 77, 4
85, 7, 39, 11, 32, 10, 77, 46, 27, 21, 77, 94, 4
$$$$$$$$$$$$
------2-13-8------
7, 11, 10, 46, 21, 94, 85, 39, 32, 77, 27, 77, 4
39, 10, 27, 94, 7, 32, 46, 77, 85, 11, 77, 21, 4
$$$$$$$$$$$$
------2-13-9------
7, 11, 10, 46, 21, 94, 85, 39, 32, 77, 27, 77, 4
32, 21, 7, 77, 94, 11, 27, 85, 10, 77, 39, 46, 4
$$$$$$$$$$$$
------2-13-10------
7, 11, 10, 46, 21, 94, 85, 39, 32, 77, 27, 77, 4
77, 85, 46, 7, 27, 39, 21, 11, 77, 32, 94, 10, 4
$$$$$$$$$$$$
------2-17-2------
7, 11, 10, 46, 21, 94, 85, 39, 32, 77, 27, 77, 4, 74, 87, 20, 55
11, 46, 94, 39, 77, 77, 74, 20, 7, 10, 21, 85, 32, 27, 4, 87, 55
$$$$$$$$$$$$
------2-17-3------
7, 11, 10, 46, 21, 94, 85, 39, 32, 77, 27, 77, 4, 74, 87, 20, 55
10, 94, 32, 77, 87, 7, 46, 85, 77, 4, 20, 11, 21, 39, 27, 74, 55
$$$$$$$$$$$$
------2-17-4------
7, 11, 10, 46, 21, 94, 85, 39, 32, 77, 27, 77, 4, 74, 87, 20, 55
46, 39, 77, 20, 10, 85, 27, 87, 11, 94, 77, 74, 7, 21, 32, 4, 55
$$$$$$$$$$$$
------2-17-5------
7, 11, 10, 46, 21, 94, 85, 39, 32, 77, 27, 77, 4, 74, 87, 20, 55
21, 77, 87, 10, 39, 4, 7, 94, 27, 20, 46, 32, 74, 11, 85, 77, 55
$$$$$$$$$$$$
------2-17-6------
7, 11, 10, 46, 21, 94, 85, 39, 32, 77, 27, 77, 4, 74, 87, 20, 55
94, 77, 7, 85, 4, 11, 39, 74, 10, 32, 87, 46, 77, 20, 21, 27, 55
$$$$$$$$$$$$
------2-17-7------
7, 11, 10, 46, 21, 94, 85, 39, 32, 77, 27, 77, 4, 74, 87, 20, 55
85, 74, 46, 27, 7, 39, 87, 21, 77, 11, 32, 20, 94, 4, 10, 77, 55
$$$$$$$$$$$$
------2-17-8------
7, 11, 10, 46, 21, 94, 85, 39, 32, 77, 27, 77, 4, 74, 87, 20, 55
39, 20, 85, 87, 94, 74, 21, 4, 46, 77, 10, 27, 11, 77, 7, 32, 55
$$$$$$$$$$$$
------2-17-9------
7, 11, 10, 46, 21, 94, 85, 39, 32, 77, 27, 77, 4, 74, 87, 20, 55
32, 7, 77, 11, 27, 10, 77, 46, 4, 21, 74, 94, 87, 85, 20, 39, 55
$$$$$$$$$$$$
------2-17-10------
7, 11, 10, 46, 21, 94, 85, 39, 32, 77, 27, 77, 4, 74, 87, 20, 55
77, 10, 4, 94, 20, 32, 11, 77, 21, 87, 39, 7, 27, 46, 74, 85, 55
$$$$$$$$$$$$
------2-19-2------
7, 11, 10, 46, 21, 94, 85, 39, 32, 77, 27, 77, 4, 74, 87, 20, 55, 81, 50
11, 46, 94, 39, 77, 77, 74, 20, 81, 7, 10, 21, 85, 32, 27, 4, 87, 55, 50
$$$$$$$$$$$$
------2-19-3------
7, 11, 10, 46, 21, 94, 85, 39, 32, 77, 27, 77, 4, 74, 87, 20, 55, 81, 50
10, 94, 32, 77, 87, 81, 11, 21, 39, 27, 74, 55, 7, 46, 85, 77, 4, 20, 50
$$$$$$$$$$$$
------2-19-4------
7, 11, 10, 46, 21, 94, 85, 39, 32, 77, 27, 77, 4, 74, 87, 20, 55, 81, 50
46, 39, 77, 20, 7, 21, 32, 4, 55, 11, 94, 77, 74, 81, 10, 85, 27, 87, 50
$$$$$$$$$$$$
------2-19-5------
7, 11, 10, 46, 21, 94, 85, 39, 32, 77, 27, 77, 4, 74, 87, 20, 55, 81, 50
21, 77, 87, 7, 94, 27, 20, 11, 85, 77, 55, 10, 39, 4, 81, 46, 32, 74, 50
$$$$$$$$$$$$
------2-19-6------
7, 11, 10, 46, 21, 94, 85, 39, 32, 77, 27, 77, 4, 74, 87, 20, 55, 81, 50
94, 77, 81, 21, 27, 55, 46, 77, 20, 10, 32, 87, 11, 39, 74, 7, 85, 4, 50
$$$$$$$$$$$$
------2-19-7------
7, 11, 10, 46, 21, 94, 85, 39, 32, 77, 27, 77, 4, 74, 87, 20, 55, 81, 50
85, 74, 11, 32, 20, 46, 27, 81, 94, 4, 7, 39, 87, 10, 77, 55, 21, 77, 50
$$$$$$$$$$$$
------2-19-8------
7, 11, 10, 46, 21, 94, 85, 39, 32, 77, 27, 77, 4, 74, 87, 20, 55, 81, 50
39, 20, 21, 4, 11, 77, 81, 85, 87, 46, 77, 7, 32, 55, 94, 74, 10, 27, 50
$$$$$$$$$$$$
------2-19-9------
7, 11, 10, 46, 21, 94, 85, 39, 32, 77, 27, 77, 4, 74, 87, 20, 55, 81, 50
32, 81, 39, 55, 85, 20, 94, 87, 21, 74, 46, 4, 10, 77, 11, 27, 7, 77, 50
$$$$$$$$$$$$
------2-19-10------
7, 11, 10, 46, 21, 94, 85, 39, 32, 77, 27, 77, 4, 74, 87, 20, 55, 81, 50
77, 7, 27, 11, 77, 10, 4, 46, 74, 21, 87, 94, 20, 85, 55, 39, 81, 32, 50
$$$$$$$$$$$$
------3-11-2------
30, 75, 69, 16, 47, 77, 60, 80, 74, 8, 77
75, 16, 77, 80, 8, 30, 69, 47, 60, 74, 77
$$$$$$$$$$$$
------3-11-3------
30, 75, 69, 16, 47, 77, 60, 80, 74, 8, 77
69, 77, 74, 30, 16, 60, 8, 75, 47, 80, 77
$$$$$$$$$$$$
------3-11-4------
30, 75, 69, 16, 47, 77, 60, 80, 74, 8, 77
16, 80, 30, 47, 74, 75, 77, 8, 69, 60, 77
$$$$$$$$$$$$
------3-11-5------
30, 75, 69, 16, 47, 77, 60, 80, 74, 8, 77
47, 8, 16, 74, 69, 80, 75, 60, 30, 77, 77
$$$$$$$$$$$$
------3-11-6------
30, 75, 69, 16, 47, 77, 60, 80, 74, 8, 77
77, 30, 60, 75, 80, 69, 74, 16, 8, 47, 77
$$$$$$$$$$$$
------3-11-7------
30, 75, 69, 16, 47, 77, 60, 80, 74, 8, 77
60, 69, 8, 77, 75, 74, 47, 30, 80, 16, 77
$$$$$$$$$$$$
------3-11-8------
30, 75, 69, 16, 47, 77, 60, 80, 74, 8, 77
80, 47, 75, 8, 60, 16, 30, 74, 77, 69, 77
$$$$$$$$$$$$
------3-11-9------
30, 75, 69, 16, 47, 77, 60, 80, 74, 8, 77
74, 60, 47, 69, 30, 8, 80, 77, 16, 75, 77
$$$$$$$$$$$$
------3-11-10------
30, 75, 69, 16, 47, 77, 60, 80, 74, 8, 77
8, 74, 80, 60, 77, 47, 16, 69, 75, 30, 77
$$$$$$$$$$$$
------3-13-2------
30, 75, 69, 16, 47, 77, 60, 80, 74, 8, 77, 1, 60
75, 16, 77, 80, 8, 1, 30, 69, 47, 60, 74, 77, 60
$$$$$$$$$$$$
------3-13-3------
30, 75, 69, 16, 47, 77, 60, 80, 74, 8, 77, 1, 60
69, 77, 74, 1, 75, 47, 80, 77, 30, 16, 60, 8, 60
$$$$$$$$$$$$
------3-13-4------
30, 75, 69, 16, 47, 77, 60, 80, 74, 8, 77, 1, 60
16, 80, 1, 69, 60, 77, 75, 77, 8, 30, 47, 74, 60
$$$$$$$$$$$$
------3-13-5------
30, 75, 69, 16, 47, 77, 60, 80, 74, 8, 77, 1, 60
47, 8, 75, 60, 1, 16, 74, 30, 77, 77, 69, 80, 60
$$$$$$$$$$$$
------3-13-6------
30, 75, 69, 16, 47, 77, 60, 80, 74, 8, 77, 1, 60
77, 1, 47, 77, 16, 8, 69, 74, 75, 80, 30, 60, 60
$$$$$$$$$$$$
------3-13-7------
30, 75, 69, 16, 47, 77, 60, 80, 74, 8, 77, 1, 60
60, 30, 80, 75, 74, 69, 8, 16, 77, 47, 1, 77, 60
$$$$$$$$$$$$
------3-13-8------
30, 75, 69, 16, 47, 77, 60, 80, 74, 8, 77, 1, 60
80, 69, 77, 77, 30, 74, 16, 1, 60, 75, 8, 47, 60
$$$$$$$$$$$$
------3-13-9------
30, 75, 69, 16, 47, 77, 60, 80, 74, 8, 77, 1, 60
74, 47, 30, 8, 77, 75, 77, 60, 69, 1, 80, 16, 60
$$$$$$$$$$$$
------3-13-10------
30, 75, 69, 16, 47, 77, 60, 80, 74, 8, 77, 1, 60
8, 60, 16, 30, 77, 80, 47, 75, 1, 74, 77, 69, 60
$$$$$$$$$$$$
------3-17-2------
30, 75, 69, 16, 47, 77, 60, 80, 74, 8, 77, 1, 60, 33, 70, 29, 24
75, 16, 77, 80, 8, 1, 33, 29, 30, 69, 47, 60, 74, 77, 60, 70, 24
$$$$$$$$$$$$
------3-17-3------
30, 75, 69, 16, 47, 77, 60, 80, 74, 8, 77, 1, 60, 33, 70, 29, 24
69, 77, 74, 1, 70, 30, 16, 60, 8, 60, 29, 75, 47, 80, 77, 33, 24
$$$$$$$$$$$$
------3-17-4------
30, 75, 69, 16, 47, 77, 60, 80, 74, 8, 77, 1, 60, 33, 70, 29, 24
16, 80, 1, 29, 69, 60, 77, 70, 75, 77, 8, 33, 30, 47, 74, 60, 24
$$$$$$$$$$$$
------3-17-5------
30, 75, 69, 16, 47, 77, 60, 80, 74, 8, 77, 1, 60, 33, 70, 29, 24
47, 8, 70, 69, 80, 60, 30, 77, 77, 29, 16, 74, 33, 75, 60, 1, 24
$$$$$$$$$$$$
------3-17-6------
30, 75, 69, 16, 47, 77, 60, 80, 74, 8, 77, 1, 60, 33, 70, 29, 24
77, 1, 30, 60, 60, 75, 80, 33, 69, 74, 70, 16, 8, 29, 47, 77, 24
$$$$$$$$$$$$
------3-17-7------
30, 75, 69, 16, 47, 77, 60, 80, 74, 8, 77, 1, 60, 33, 70, 29, 24
60, 33, 16, 77, 30, 80, 70, 47, 1, 75, 74, 29, 77, 60, 69, 8, 24
$$$$$$$$$$$$
------3-17-8------
30, 75, 69, 16, 47, 77, 60, 80, 74, 8, 77, 1, 60, 33, 70, 29, 24
80, 29, 60, 70, 77, 33, 47, 60, 16, 1, 69, 77, 75, 8, 30, 74, 24
$$$$$$$$$$$$
------3-17-9------
30, 75, 69, 16, 47, 77, 60, 80, 74, 8, 77, 1, 60, 33, 70, 29, 24
74, 30, 8, 75, 77, 69, 1, 16, 60, 47, 33, 77, 70, 60, 29, 80, 24
$$$$$$$$$$$$
------3-17-10------
30, 75, 69, 16, 47, 77, 60, 80, 74, 8, 77, 1, 60, 33, 70, 29, 24
8, 69, 60, 77, 29, 74, 75, 1, 47, 70, 80, 30, 77, 16, 33, 60, 24
$$$$$$$$$$$$
------3-19-2------
30, 75, 69, 16, 47, 77, 60, 80, 74, 8, 77, 1, 60, 33, 70, 29, 24, 91, 60
75, 16, 77, 80, 8, 1, 33, 29, 91, 30, 69, 47, 60, 74, 77, 60, 70, 24, 60
$$$$$$$$$$$$
------3-19-3------
30, 75, 69, 16, 47, 77, 60, 80, 74, 8, 77, 1, 60, 33, 70, 29, 24, 91, 60
69, 77, 74, 1, 70, 91, 75, 47, 80, 77, 33, 24, 30, 16, 60, 8, 60, 29, 60
$$$$$$$$$$$$
------3-19-4------
30, 75, 69, 16, 47, 77, 60, 80, 74, 8, 77, 1, 60, 33, 70, 29, 24, 91, 60
16, 80, 1, 29, 30, 47, 74, 60, 24, 75, 77, 8, 33, 91, 69, 60, 77, 70, 60
$$$$$$$$$$$$
------3-19-5------
30, 75, 69, 16, 47, 77, 60, 80, 74, 8, 77, 1, 60, 33, 70, 29, 24, 91, 60
47, 8, 70, 30, 77, 77, 29, 75, 60, 1, 24, 69, 80, 60, 91, 16, 74, 33, 60
$$$$$$$$$$$$
------3-19-6------
30, 75, 69, 16, 47, 77, 60, 80, 74, 8, 77, 1, 60, 33, 70, 29, 24, 91, 60
77, 1, 91, 47, 77, 24, 16, 8, 29, 69, 74, 70, 75, 80, 33, 30, 60, 60, 60
$$$$$$$$$$$$
------3-19-7------
30, 75, 69, 16, 47, 77, 60, 80, 74, 8, 77, 1, 60, 33, 70, 29, 24, 91, 60
60, 33, 75, 74, 29, 16, 77, 91, 77, 60, 30, 80, 70, 69, 8, 24, 47, 1, 60
$$$$$$$$$$$$
------3-19-8------
30, 75, 69, 16, 47, 77, 60, 80, 74, 8, 77, 1, 60, 33, 70, 29, 24, 91, 60
80, 29, 47, 60, 75, 8, 91, 60, 70, 16, 1, 30, 74, 24, 77, 33, 69, 77, 60
$$$$$$$$$$$$
------3-19-9------
30, 75, 69, 16, 47, 77, 60, 80, 74, 8, 77, 1, 60, 33, 70, 29, 24, 91, 60
74, 91, 80, 24, 60, 29, 77, 70, 47, 33, 16, 60, 69, 1, 75, 77, 30, 8, 60
$$$$$$$$$$$$
------3-19-10------
30, 75, 69, 16, 47, 77, 60, 80, 74, 8, 77, 1, 60, 33, 70, 29, 24, 91, 60
8, 30, 77, 75, 1, 69, 60, 16, 33, 47, 70, 77, 29, 60, 24, 80, 91, 74, 60
$$$$$$$$$$$$
------4-11-2------
30, 38, 13, 92, 50, 61, 19, 11, 8, 2, 51
38, 92, 61, 11, 2, 30, 13, 50, 19, 8, 51
$$$$$$$$$$$$
------4-11-3------
30, 38, 13, 92, 50, 61, 19, 11, 8, 2, 51
13, 61, 8, 30, 92, 19, 2, 38, 50, 11, 51
$$$$$$$$$$$$
------4-11-4------
30, 38, 13, 92, 50, 61, 19, 11, 8, 2, 51
92, 11, 30, 50, 8, 38, 61, 2, 13, 19, 51
$$$$$$$$$$$$
------4-11-5------
30, 38, 13, 92, 50, 61, 19, 11, 8, 2, 51
50, 2, 92, 8, 13, 11, 38, 19, 30, 61, 51
$$$$$$$$$$$$
------4-11-6------
30, 38, 13, 92, 50, 61, 19, 11, 8, 2, 51
61, 30, 19, 38, 11, 13, 8, 92, 2, 50, 51
$$$$$$$$$$$$
------4-11-7------
30, 38, 13, 92, 50, 61, 19, 11, 8, 2, 51
19, 13, 2, 61, 38, 8, 50, 30, 11, 92, 51
$$$$$$$$$$$$
------4-11-8------
30, 38, 13, 92, 50, 61, 19, 11, 8, 2, 51
11, 50, 38, 2, 19, 92, 30, 8, 61, 13, 51
$$$$$$$$$$$$
------4-11-9------
30, 38, 13, 92, 50, 61, 19, 11, 8, 2, 51
8, 19, 50, 13, 30, 2, 11, 61, 92, 38, 51
$$$$$$$$$$$$
------4-11-10------
30, 38, 13, 92, 50, 61, 19, 11, 8, 2, 51
2, 8, 11, 19, 61, 50, 92, 13, 38, 30, 51
$$$$$$$$$$$$
------4-13-2------
30, 38, 13, 92, 50, 61, 19, 11, 8, 2, 51, 70, 37
38, 92, 61, 11, 2, 70, 30, 13, 50, 19, 8, 51, 37
$$$$$$$$$$$$
------4-13-3------
30, 38, 13, 92, 50, 61, 19, 11, 8, 2, 51, 70, 37
13, 61, 8, 70, 38, 50, 11, 51, 30, 92, 19, 2, 37
$$$$$$$$$$$$
------4-13-4------
30, 38, 13, 92, 50, 61, 19, 11, 8, 2, 51, 70, 37
92, 11, 70, 13, 19, 51, 38, 61, 2, 30, 50, 8, 37
$$$$$$$$$$$$
------4-13-5------
30, 38, 13, 92, 50, 61, 19, 11, 8, 2, 51, 70, 37
50, 2, 38, 19, 70, 92, 8, 30, 61, 51, 13, 11, 37
$$$$$$$$$$$$
------4-13-6------
30, 38, 13, 92, 50, 61, 19, 11, 8, 2, 51, 70, 37
61, 70, 50, 51, 92, 2, 13, 8, 38, 11, 30, 19, 37
$$$$$$$$$$$$
------4-13-7------
30, 38, 13, 92, 50, 61, 19, 11, 8, 2, 51, 70, 37
19, 30, 11, 38, 8, 13, 2, 92, 51, 50, 70, 61, 37
$$$$$$$$$$$$
------4-13-8------
30, 38, 13, 92, 50, 61, 19, 11, 8, 2, 51, 70, 37
11, 13, 51, 61, 30, 8, 92, 70, 19, 38, 2, 50, 37
$$$$$$$$$$$$
------4-13-9------
30, 38, 13, 92, 50, 61, 19, 11, 8, 2, 51, 70, 37
8, 50, 30, 2, 61, 38, 51, 19, 13, 70, 11, 92, 37
$$$$$$$$$$$$
------4-13-10------
30, 38, 13, 92, 50, 61, 19, 11, 8, 2, 51, 70, 37
2, 19, 92, 30, 51, 11, 50, 38, 70, 8, 61, 13, 37
$$$$$$$$$$$$
------4-17-2------
30, 38, 13, 92, 50, 61, 19, 11, 8, 2, 51, 70, 37, 97, 7, 28, 66
38, 92, 61, 11, 2, 70, 97, 28, 30, 13, 50, 19, 8, 51, 37, 7, 66
$$$$$$$$$$$$
------4-17-3------
30, 38, 13, 92, 50, 61, 19, 11, 8, 2, 51, 70, 37, 97, 7, 28, 66
13, 61, 8, 70, 7, 30, 92, 19, 2, 37, 28, 38, 50, 11, 51, 97, 66
$$$$$$$$$$$$
------4-17-4------
30, 38, 13, 92, 50, 61, 19, 11, 8, 2, 51, 70, 37, 97, 7, 28, 66
92, 11, 70, 28, 13, 19, 51, 7, 38, 61, 2, 97, 30, 50, 8, 37, 66
$$$$$$$$$$$$
------4-17-5------
30, 38, 13, 92, 50, 61, 19, 11, 8, 2, 51, 70, 37, 97, 7, 28, 66
50, 2, 7, 13, 11, 37, 30, 61, 51, 28, 92, 8, 97, 38, 19, 70, 66
$$$$$$$$$$$$
------4-17-6------
30, 38, 13, 92, 50, 61, 19, 11, 8, 2, 51, 70, 37, 97, 7, 28, 66
61, 70, 30, 19, 37, 38, 11, 97, 13, 8, 7, 92, 2, 28, 50, 51, 66
$$$$$$$$$$$$
------4-17-7------
30, 38, 13, 92, 50, 61, 19, 11, 8, 2, 51, 70, 37, 97, 7, 28, 66
19, 97, 92, 51, 30, 11, 7, 50, 70, 38, 8, 28, 61, 37, 13, 2, 66
$$$$$$$$$$$$
------4-17-8------
30, 38, 13, 92, 50, 61, 19, 11, 8, 2, 51, 70, 37, 97, 7, 28, 66
11, 28, 19, 7, 61, 97, 50, 37, 92, 70, 13, 51, 38, 2, 30, 8, 66
$$$$$$$$$$$$
------4-17-9------
30, 38, 13, 92, 50, 61, 19, 11, 8, 2, 51, 70, 37, 97, 7, 28, 66
8, 30, 2, 38, 51, 13, 70, 92, 37, 50, 97, 61, 7, 19, 28, 11, 66
$$$$$$$$$$$$
------4-17-10------
30, 38, 13, 92, 50, 61, 19, 11, 8, 2, 51, 70, 37, 97, 7, 28, 66
2, 13, 37, 61, 28, 8, 38, 70, 50, 7, 11, 30, 51, 92, 97, 19, 66
$$$$$$$$$$$$
------4-19-2------
30, 38, 13, 92, 50, 61, 19, 11, 8, 2, 51, 70, 37, 97, 7, 28, 66, 68, 46
38, 92, 61, 11, 2, 70, 97, 28, 68, 30, 13, 50, 19, 8, 51, 37, 7, 66, 46
$$$$$$$$$$$$
------4-19-3------
30, 38, 13, 92, 50, 61, 19, 11, 8, 2, 51, 70, 37, 97, 7, 28, 66, 68, 46
13, 61, 8, 70, 7, 68, 38, 50, 11, 51, 97, 66, 30, 92, 19, 2, 37, 28, 46
$$$$$$$$$$$$
------4-19-4------
30, 38, 13, 92, 50, 61, 19, 11, 8, 2, 51, 70, 37, 97, 7, 28, 66, 68, 46
92, 11, 70, 28, 30, 50, 8, 37, 66, 38, 61, 2, 97, 68, 13, 19, 51, 7, 46
$$$$$$$$$$$$
------4-19-5------
30, 38, 13, 92, 50, 61, 19, 11, 8, 2, 51, 70, 37, 97, 7, 28, 66, 68, 46
50, 2, 7, 30, 61, 51, 28, 38, 19, 70, 66, 13, 11, 37, 68, 92, 8, 97, 46
$$$$$$$$$$$$
------4-19-6------
30, 38, 13, 92, 50, 61, 19, 11, 8, 2, 51, 70, 37, 97, 7, 28, 66, 68, 46
61, 70, 68, 50, 51, 66, 92, 2, 28, 13, 8, 7, 38, 11, 97, 30, 19, 37, 46
$$$$$$$$$$$$
------4-19-7------
30, 38, 13, 92, 50, 61, 19, 11, 8, 2, 51, 70, 37, 97, 7, 28, 66, 68, 46
19, 97, 38, 8, 28, 92, 51, 68, 61, 37, 30, 11, 7, 13, 2, 66, 50, 70, 46
$$$$$$$$$$$$
------4-19-8------
30, 38, 13, 92, 50, 61, 19, 11, 8, 2, 51, 70, 37, 97, 7, 28, 66, 68, 46
11, 28, 50, 37, 38, 2, 68, 19, 7, 92, 70, 30, 8, 66, 61, 97, 13, 51, 46
$$$$$$$$$$$$
------4-19-9------
30, 38, 13, 92, 50, 61, 19, 11, 8, 2, 51, 70, 37, 97, 7, 28, 66, 68, 46
8, 68, 11, 66, 19, 28, 61, 7, 50, 97, 92, 37, 13, 70, 38, 51, 30, 2, 46
$$$$$$$$$$$$
------4-19-10------
30, 38, 13, 92, 50, 61, 19, 11, 8, 2, 51, 70, 37, 97, 7, 28, 66, 68, 46
2, 30, 51, 38, 70, 13, 37, 92, 97, 50, 7, 61, 28, 19, 66, 11, 68, 8, 46
$$$$$$$$$$$$
------5-11-2------
79, 32, 94, 45, 88, 94, 83, 67, 3, 59, 99
32, 45, 94, 67, 59, 79, 94, 88, 83, 3, 99
$$$$$$$$$$$$
------5-11-3------
79, 32, 94, 45, 88, 94, 83, 67, 3, 59, 99
94, 94, 3, 79, 45, 83, 59, 32, 88, 67, 99
$$$$$$$$$$$$
------5-11-4------
79, 32, 94, 45, 88, 94, 83, 67, 3, 59, 99
45, 67, 79, 88, 3, 32, 94, 59, 94, 83, 99
$$$$$$$$$$$$
------5-11-5------
79, 32, 94, 45, 88, 94, 83, 67, 3, 59, 99
88, 59, 45, 3, 94, 67, 32, 83, 79, 94, 99
$$$$$$$$$$$$
------5-11-6------
79, 32, 94, 45, 88, 94, 83, 67, 3, 59, 99
94, 79, 83, 32, 67, 94, 3, 45, 59, 88, 99
$$$$$$$$$$$$
------5-11-7------
79, 32, 94, 45, 88, 94, 83, 67, 3, 59, 99
83, 94, 59, 94, 32, 3, 88, 79, 67, 45, 99
$$$$$$$$$$$$
------5-11-8------
79, 32, 94, 45, 88, 94, 83, 67, 3, 59, 99
67, 88, 32, 59, 83, 45, 79, 3, 94, 94, 99
$$$$$$$$$$$$
------5-11-9------
79, 32, 94, 45, 88, 94, 83, 67, 3, 59, 99
3, 83, 88, 94, 79, 59, 67, 94, 45, 32, 99
$$$$$$$$$$$$
------5-11-10------
79, 32, 94, 45, 88, 94, 83, 67, 3, 59, 99
59, 3, 67, 83, 94, 88, 45, 94, 32, 79, 99
$$$$$$$$$$$$
------5-13-2------
79, 32, 94, 45, 88, 94, 83, 67, 3, 59, 99, 31, 83
32, 45, 94, 67, 59, 31, 79, 94, 88, 83, 3, 99, 83
$$$$$$$$$$$$
------5-13-3------
79, 32, 94, 45, 88, 94, 83, 67, 3, 59, 99, 31, 83
94, 94, 3, 31, 32, 88, 67, 99, 79, 45, 83, 59, 83
$$$$$$$$$$$$
------5-13-4------
79, 32, 94, 45, 88, 94, 83, 67, 3, 59, 99, 31, 83
45, 67, 31, 94, 83, 99, 32, 94, 59, 79, 88, 3, 83
$$$$$$$$$$$$
------5-13-5------
79, 32, 94, 45, 88, 94, 83, 67, 3, 59, 99, 31, 83
88, 59, 32, 83, 31, 45, 3, 79, 94, 99, 94, 67, 83
$$$$$$$$$$$$
------5-13-6------
79, 32, 94, 45, 88, 94, 83, 67, 3, 59, 99, 31, 83
94, 31, 88, 99, 45, 59, 94, 3, 32, 67, 79, 83, 83
$$$$$$$$$$$$
------5-13-7------
79, 32, 94, 45, 88, 94, 83, 67, 3, 59, 99, 31, 83
83, 79, 67, 32, 3, 94, 59, 45, 99, 88, 31, 94, 83
$$$$$$$$$$$$
------5-13-8------
79, 32, 94, 45, 88, 94, 83, 67, 3, 59, 99, 31, 83
67, 94, 99, 94, 79, 3, 45, 31, 83, 32, 59, 88, 83
$$$$$$$$$$$$
------5-13-9------
79, 32, 94, 45, 88, 94, 83, 67, 3, 59, 99, 31, 83
3, 88, 79, 59, 94, 32, 99, 83, 94, 31, 67, 45, 83
$$$$$$$$$$$$
------5-13-10------
79, 32, 94, 45, 88, 94, 83, 67, 3, 59, 99, 31, 83
59, 83, 45, 79, 99, 67, 88, 32, 31, 3, 94, 94, 83
$$$$$$$$$$$$
------5-17-2------
79, 32, 94, 45, 88, 94, 83, 67, 3, 59, 99, 31, 83, 6, 20, 14, 47
32, 45, 94, 67, 59, 31, 6, 14, 79, 94, 88, 83, 3, 99, 83, 20, 47
$$$$$$$$$$$$
------5-17-3------
79, 32, 94, 45, 88, 94, 83, 67, 3, 59, 99, 31, 83, 6, 20, 14, 47
94, 94, 3, 31, 20, 79, 45, 83, 59, 83, 14, 32, 88, 67, 99, 6, 47
$$$$$$$$$$$$
------5-17-4------
79, 32, 94, 45, 88, 94, 83, 67, 3, 59, 99, 31, 83, 6, 20, 14, 47
45, 67, 31, 14, 94, 83, 99, 20, 32, 94, 59, 6, 79, 88, 3, 83, 47
$$$$$$$$$$$$
------5-17-5------
79, 32, 94, 45, 88, 94, 83, 67, 3, 59, 99, 31, 83, 6, 20, 14, 47
88, 59, 20, 94, 67, 83, 79, 94, 99, 14, 45, 3, 6, 32, 83, 31, 47
$$$$$$$$$$$$
------5-17-6------
79, 32, 94, 45, 88, 94, 83, 67, 3, 59, 99, 31, 83, 6, 20, 14, 47
94, 31, 79, 83, 83, 32, 67, 6, 94, 3, 20, 45, 59, 14, 88, 99, 47
$$$$$$$$$$$$
------5-17-7------
79, 32, 94, 45, 88, 94, 83, 67, 3, 59, 99, 31, 83, 6, 20, 14, 47
83, 6, 45, 99, 79, 67, 20, 88, 31, 32, 3, 14, 94, 83, 94, 59, 47
$$$$$$$$$$$$
------5-17-8------
79, 32, 94, 45, 88, 94, 83, 67, 3, 59, 99, 31, 83, 6, 20, 14, 47
67, 14, 83, 20, 94, 6, 88, 83, 45, 31, 94, 99, 32, 59, 79, 3, 47
$$$$$$$$$$$$
------5-17-9------
79, 32, 94, 45, 88, 94, 83, 67, 3, 59, 99, 31, 83, 6, 20, 14, 47
3, 79, 59, 32, 99, 94, 31, 45, 83, 88, 6, 94, 20, 83, 14, 67, 47
$$$$$$$$$$$$
------5-17-10------
79, 32, 94, 45, 88, 94, 83, 67, 3, 59, 99, 31, 83, 6, 20, 14, 47
59, 94, 83, 94, 14, 3, 32, 31, 88, 20, 67, 79, 99, 45, 6, 83, 47
$$$$$$$$$$$$
------5-19-2------
79, 32, 94, 45, 88, 94, 83, 67, 3, 59, 99, 31, 83, 6, 20, 14, 47, 60, 31
32, 45, 94, 67, 59, 31, 6, 14, 60, 79, 94, 88, 83, 3, 99, 83, 20, 47, 31
$$$$$$$$$$$$
------5-19-3------
79, 32, 94, 45, 88, 94, 83, 67, 3, 59, 99, 31, 83, 6, 20, 14, 47, 60, 31
94, 94, 3, 31, 20, 60, 32, 88, 67, 99, 6, 47, 79, 45, 83, 59, 83, 14, 31
$$$$$$$$$$$$
------5-19-4------
79, 32, 94, 45, 88, 94, 83, 67, 3, 59, 99, 31, 83, 6, 20, 14, 47, 60, 31
45, 67, 31, 14, 79, 88, 3, 83, 47, 32, 94, 59, 6, 60, 94, 83, 99, 20, 31
$$$$$$$$$$$$
------5-19-5------
79, 32, 94, 45, 88, 94, 83, 67, 3, 59, 99, 31, 83, 6, 20, 14, 47, 60, 31
88, 59, 20, 79, 94, 99, 14, 32, 83, 31, 47, 94, 67, 83, 60, 45, 3, 6, 31
$$$$$$$$$$$$
------5-19-6------
79, 32, 94, 45, 88, 94, 83, 67, 3, 59, 99, 31, 83, 6, 20, 14, 47, 60, 31
94, 31, 60, 88, 99, 47, 45, 59, 14, 94, 3, 20, 32, 67, 6, 79, 83, 83, 31
$$$$$$$$$$$$
------5-19-7------
79, 32, 94, 45, 88, 94, 83, 67, 3, 59, 99, 31, 83, 6, 20, 14, 47, 60, 31
83, 6, 32, 3, 14, 45, 99, 60, 94, 83, 79, 67, 20, 94, 59, 47, 88, 31, 31
$$$$$$$$$$$$
------5-19-8------
79, 32, 94, 45, 88, 94, 83, 67, 3, 59, 99, 31, 83, 6, 20, 14, 47, 60, 31
67, 14, 88, 83, 32, 59, 60, 83, 20, 45, 31, 79, 3, 47, 94, 6, 94, 99, 31
$$$$$$$$$$$$
------5-19-9------
79, 32, 94, 45, 88, 94, 83, 67, 3, 59, 99, 31, 83, 6, 20, 14, 47, 60, 31
3, 60, 67, 47, 83, 14, 94, 20, 88, 6, 45, 83, 94, 31, 32, 99, 79, 59, 31
$$$$$$$$$$$$
------5-19-10------
79, 32, 94, 45, 88, 94, 83, 67, 3, 59, 99, 31, 83, 6, 20, 14, 47, 60, 31
59, 79, 99, 32, 31, 94, 83, 45, 6, 88, 20, 94, 14, 83, 47, 67, 60, 3, 31
$$$$$$$$$$$$
------6-11-2------
73, 10, 62, 97, 33, 4, 0, 18, 84, 75, 60
10, 97, 4, 18, 75, 73, 62, 33, 0, 84, 60
$$$$$$$$$$$$
------6-11-3------
73, 10, 62, 97, 33, 4, 0, 18, 84, 75, 60
62, 4, 84, 73, 97, 0, 75, 10, 33, 18, 60
$$$$$$$$$$$$
------6-11-4------
73, 10, 62, 97, 33, 4, 0, 18, 84, 75, 60
97, 18, 73, 33, 84, 10, 4, 75, 62, 0, 60
$$$$$$$$$$$$
------6-11-5------
73, 10, 62, 97, 33, 4, 0, 18, 84, 75, 60
33, 75, 97, 84, 62, 18, 10, 0, 73, 4, 60
$$$$$$$$$$$$
------6-11-6------
73, 10, 62, 97, 33, 4, 0, 18, 84, 75, 60
4, 73, 0, 10, 18, 62, 84, 97, 75, 33, 60
$$$$$$$$$$$$
------6-11-7------
73, 10, 62, 97, 33, 4, 0, 18, 84, 75, 60
0, 62, 75, 4, 10, 84, 33, 73, 18, 97, 60
$$$$$$$$$$$$
------6-11-8------
73, 10, 62, 97, 33, 4, 0, 18, 84, 75, 60
18, 33, 10, 75, 0, 97, 73, 84, 4, 62, 60
$$$$$$$$$$$$
------6-11-9------
73, 10, 62, 97, 33, 4, 0, 18, 84, 75, 60
84, 0, 33, 62, 73, 75, 18, 4, 97, 10, 60
$$$$$$$$$$$$
------6-11-10------
73, 10, 62, 97, 33, 4, 0, 18, 84, 75, 60
75, 84, 18, 0, 4, 33, 97, 62, 10, 73, 60
$$$$$$$$$$$$
------6-13-2------
73, 10, 62, 97, 33, 4, 0, 18, 84, 75, 60, 97, 94
10, 97, 4, 18, 75, 97, 73, 62, 33, 0, 84, 60, 94
$$$$$$$$$$$$
------6-13-3------
73, 10, 62, 97, 33, 4, 0, 18, 84, 75, 60, 97, 94
62, 4, 84, 97, 10, 33, 18, 60, 73, 97, 0, 75, 94
$$$$$$$$$$$$
------6-13-4------
73, 10, 62, 97, 33, 4, 0, 18, 84, 75, 60, 97, 94
97, 18, 97, 62, 0, 60, 10, 4, 75, 73, 33, 84, 94
$$$$$$$$$$$$
------6-13-5------
73, 10, 62, 97, 33, 4, 0, 18, 84, 75, 60, 97, 94
33, 75, 10, 0, 97, 97, 84, 73, 4, 60, 62, 18, 94
$$$$$$$$$$$$
------6-13-6------
73, 10, 62, 97, 33, 4, 0, 18, 84, 75, 60, 97, 94
4, 97, 33, 60, 97, 75, 62, 84, 10, 18, 73, 0, 94
$$$$$$$$$$$$
------6-13-7------
73, 10, 62, 97, 33, 4, 0, 18, 84, 75, 60, 97, 94
0, 73, 18, 10, 84, 62, 75, 97, 60, 33, 97, 4, 94
$$$$$$$$$$$$
------6-13-8------
73, 10, 62, 97, 33, 4, 0, 18, 84, 75, 60, 97, 94
18, 62, 60, 4, 73, 84, 97, 97, 0, 10, 75, 33, 94
$$$$$$$$$$$$
------6-13-9------
73, 10, 62, 97, 33, 4, 0, 18, 84, 75, 60, 97, 94
84, 33, 73, 75, 4, 10, 60, 0, 62, 97, 18, 97, 94
$$$$$$$$$$$$
------6-13-10------
73, 10, 62, 97, 33, 4, 0, 18, 84, 75, 60, 97, 94
75, 0, 97, 73, 60, 18, 33, 10, 97, 84, 4, 62, 94
$$$$$$$$$$$$
------6-17-2------
73, 10, 62, 97, 33, 4, 0, 18, 84, 75, 60, 97, 94, 47, 40, 98, 2
10, 97, 4, 18, 75, 97, 47, 98, 73, 62, 33, 0, 84, 60, 94, 40, 2
$$$$$$$$$$$$
------6-17-3------
73, 10, 62, 97, 33, 4, 0, 18, 84, 75, 60, 97, 94, 47, 40, 98, 2
62, 4, 84, 97, 40, 73, 97, 0, 75, 94, 98, 10, 33, 18, 60, 47, 2
$$$$$$$$$$$$
------6-17-4------
73, 10, 62, 97, 33, 4, 0, 18, 84, 75, 60, 97, 94, 47, 40, 98, 2
97, 18, 97, 98, 62, 0, 60, 40, 10, 4, 75, 47, 73, 33, 84, 94, 2
$$$$$$$$$$$$
------6-17-5------
73, 10, 62, 97, 33, 4, 0, 18, 84, 75, 60, 97, 94, 47, 40, 98, 2
33, 75, 40, 62, 18, 94, 73, 4, 60, 98, 97, 84, 47, 10, 0, 97, 2
$$$$$$$$$$$$
------6-17-6------
73, 10, 62, 97, 33, 4, 0, 18, 84, 75, 60, 97, 94, 47, 40, 98, 2
4, 97, 73, 0, 94, 10, 18, 47, 62, 84, 40, 97, 75, 98, 33, 60, 2
$$$$$$$$$$$$
------6-17-7------
73, 10, 62, 97, 33, 4, 0, 18, 84, 75, 60, 97, 94, 47, 40, 98, 2
0, 47, 97, 60, 73, 18, 40, 33, 97, 10, 84, 98, 4, 94, 62, 75, 2
$$$$$$$$$$$$
------6-17-8------
73, 10, 62, 97, 33, 4, 0, 18, 84, 75, 60, 97, 94, 47, 40, 98, 2
18, 98, 0, 40, 4, 47, 33, 94, 97, 97, 62, 60, 10, 75, 73, 84, 2
$$$$$$$$$$$$
------6-17-9------
73, 10, 62, 97, 33, 4, 0, 18, 84, 75, 60, 97, 94, 47, 40, 98, 2
84, 73, 75, 10, 60, 62, 97, 97, 94, 33, 47, 4, 40, 0, 98, 18, 2
$$$$$$$$$$$$
------6-17-10------
73, 10, 62, 97, 33, 4, 0, 18, 84, 75, 60, 97, 94, 47, 40, 98, 2
75, 62, 94, 4, 98, 84, 10, 97, 33, 40, 18, 73, 60, 97, 47, 0, 2
$$$$$$$$$$$$
------6-19-2------
73, 10, 62, 97, 33, 4, 0, 18, 84, 75, 60, 97, 94, 47, 40, 98, 2, 34, 62
10, 97, 4, 18, 75, 97, 47, 98, 34, 73, 62, 33, 0, 84, 60, 94, 40, 2, 62
$$$$$$$$$$$$
------6-19-3------
73, 10, 62, 97, 33, 4, 0, 18, 84, 75, 60, 97, 94, 47, 40, 98, 2, 34, 62
62, 4, 84, 97, 40, 34, 10, 33, 18, 60, 47, 2, 73, 97, 0, 75, 94, 98, 62
$$$$$$$$$$$$
------6-19-4------
73, 10, 62, 97, 33, 4, 0, 18, 84, 75, 60, 97, 94, 47, 40, 98, 2, 34, 62
97, 18, 97, 98, 73, 33, 84, 94, 2, 10, 4, 75, 47, 34, 62, 0, 60, 40, 62
$$$$$$$$$$$$
------6-19-5------
73, 10, 62, 97, 33, 4, 0, 18, 84, 75, 60, 97, 94, 47, 40, 98, 2, 34, 62
33, 75, 40, 73, 4, 60, 98, 10, 0, 97, 2, 62, 18, 94, 34, 97, 84, 47, 62
$$$$$$$$$$$$
------6-19-6------
73, 10, 62, 97, 33, 4, 0, 18, 84, 75, 60, 97, 94, 47, 40, 98, 2, 34, 62
4, 97, 34, 33, 60, 2, 97, 75, 98, 62, 84, 40, 10, 18, 47, 73, 0, 94, 62
$$$$$$$$$$$$
------6-19-7------
73, 10, 62, 97, 33, 4, 0, 18, 84, 75, 60, 97, 94, 47, 40, 98, 2, 34, 62
0, 47, 10, 84, 98, 97, 60, 34, 4, 94, 73, 18, 40, 62, 75, 2, 33, 97, 62
$$$$$$$$$$$$
------6-19-8------
73, 10, 62, 97, 33, 4, 0, 18, 84, 75, 60, 97, 94, 47, 40, 98, 2, 34, 62
18, 98, 33, 94, 10, 75, 34, 0, 40, 97, 97, 73, 84, 2, 4, 47, 62, 60, 62
$$$$$$$$$$$$
------6-19-9------
73, 10, 62, 97, 33, 4, 0, 18, 84, 75, 60, 97, 94, 47, 40, 98, 2, 34, 62
84, 34, 18, 2, 0, 98, 4, 40, 33, 47, 97, 94, 62, 97, 10, 60, 73, 75, 62
$$$$$$$$$$$$
------6-19-10------
73, 10, 62, 97, 33, 4, 0, 18, 84, 75, 60, 97, 94, 47, 40, 98, 2, 34, 62
75, 73, 60, 10, 97, 62, 94, 97, 47, 33, 40, 4, 98, 0, 2, 18, 34, 84, 62
$$$$$$$$$$$$
------7-11-2------
41, 19, 50, 83, 6, 9, 68, 12, 46, 74, 7
19, 83, 9, 12, 74, 41, 50, 6, 68, 46, 7
$$$$$$$$$$$$
------7-11-3------
41, 19, 50, 83, 6, 9, 68, 12, 46, 74, 7
50, 9, 46, 41, 83, 68, 74, 19, 6, 12, 7
$$$$$$$$$$$$
------7-11-4------
41, 19, 50, 83, 6, 9, 68, 12, 46, 74, 7
83, 12, 41, 6, 46, 19, 9, 74, 50, 68, 7
$$$$$$$$$$$$
------7-11-5------
41, 19, 50, 83, 6, 9, 68, 12, 46, 74, 7
6, 74, 83, 46, 50, 12, 19, 68, 41, 9, 7
$$$$$$$$$$$$
------7-11-6------
41, 19, 50, 83, 6, 9, 68, 12, 46, 74, 7
9, 41, 68, 19, 12, 50, 46, 83, 74, 6, 7
$$$$$$$$$$$$
------7-11-7------
41, 19, 50, 83, 6, 9, 68, 12, 46, 74, 7
68, 50, 74, 9, 19, 46, 6, 41, 12, 83, 7
$$$$$$$$$$$$
------7-11-8------
41, 19, 50, 83, 6, 9, 68, 12, 46, 74, 7
12, 6, 19, 74, 68, 83, 41, 46, 9, 50, 7
$$$$$$$$$$$$
------7-11-9------
41, 19, 50, 83, 6, 9, 68, 12, 46, 74, 7
46, 68, 6, 50, 41, 74, 12, 9, 83, 19, 7
$$$$$$$$$$$$
------7-11-10------
41, 19, 50, 83, 6, 9, 68, 12, 46, 74, 7
74, 46, 12, 68, 9, 6, 83, 50, 19, 41, 7
$$$$$$$$$$$$
------7-13-2------
41, 19, 50, 83, 6, 9, 68, 12, 46, 74, 7, 64, 27
19, 83, 9, 12, 74, 64, 41, 50, 6, 68, 46, 7, 27
$$$$$$$$$$$$
------7-13-3------
41, 19, 50, 83, 6, 9, 68, 12, 46, 74, 7, 64, 27
50, 9, 46, 64, 19, 6, 12, 7, 41, 83, 68, 74, 27
$$$$$$$$$$$$
------7-13-4------
41, 19, 50, 83, 6, 9, 68, 12, 46, 74, 7, 64, 27
83, 12, 64, 50, 68, 7, 19, 9, 74, 41, 6, 46, 27
$$$$$$$$$$$$
------7-13-5------
41, 19, 50, 83, 6, 9, 68, 12, 46, 74, 7, 64, 27
6, 74, 19, 68, 64, 83, 46, 41, 9, 7, 50, 12, 27
$$$$$$$$$$$$
------7-13-6------
41, 19, 50, 83, 6, 9, 68, 12, 46, 74, 7, 64, 27
9, 64, 6, 7, 83, 74, 50, 46, 19, 12, 41, 68, 27
$$$$$$$$$$$$
------7-13-7------
41, 19, 50, 83, 6, 9, 68, 12, 46, 74, 7, 64, 27
68, 41, 12, 19, 46, 50, 74, 83, 7, 6, 64, 9, 27
$$$$$$$$$$$$
------7-13-8------
41, 19, 50, 83, 6, 9, 68, 12, 46, 74, 7, 64, 27
12, 50, 7, 9, 41, 46, 83, 64, 68, 19, 74, 6, 27
$$$$$$$$$$$$
------7-13-9------
41, 19, 50, 83, 6, 9, 68, 12, 46, 74, 7, 64, 27
46, 6, 41, 74, 9, 19, 7, 68, 50, 64, 12, 83, 27
$$$$$$$$$$$$
------7-13-10------
41, 19, 50, 83, 6, 9, 68, 12, 46, 74, 7, 64, 27
74, 68, 83, 41, 7, 12, 6, 19, 64, 46, 9, 50, 27
$$$$$$$$$$$$
------7-17-2------
41, 19, 50, 83, 6, 9, 68, 12, 46, 74, 7, 64, 27, 4, 11, 55, 53
19, 83, 9, 12, 74, 64, 4, 55, 41, 50, 6, 68, 46, 7, 27, 11, 53
$$$$$$$$$$$$
------7-17-3------
41, 19, 50, 83, 6, 9, 68, 12, 46, 74, 7, 64, 27, 4, 11, 55, 53
50, 9, 46, 64, 11, 41, 83, 68, 74, 27, 55, 19, 6, 12, 7, 4, 53
$$$$$$$$$$$$
------7-17-4------
41, 19, 50, 83, 6, 9, 68, 12, 46, 74, 7, 64, 27, 4, 11, 55, 53
83, 12, 64, 55, 50, 68, 7, 11, 19, 9, 74, 4, 41, 6, 46, 27, 53
$$$$$$$$$$$$
------7-17-5------
41, 19, 50, 83, 6, 9, 68, 12, 46, 74, 7, 64, 27, 4, 11, 55, 53
6, 74, 11, 50, 12, 27, 41, 9, 7, 55, 83, 46, 4, 19, 68, 64, 53
$$$$$$$$$$$$
------7-17-6------
41, 19, 50, 83, 6, 9, 68, 12, 46, 74, 7, 64, 27, 4, 11, 55, 53
9, 64, 41, 68, 27, 19, 12, 4, 50, 46, 11, 83, 74, 55, 6, 7, 53
$$$$$$$$$$$$
------7-17-7------
41, 19, 50, 83, 6, 9, 68, 12, 46, 74, 7, 64, 27, 4, 11, 55, 53
68, 4, 83, 7, 41, 12, 11, 6, 64, 19, 46, 55, 9, 27, 50, 74, 53
$$$$$$$$$$$$
------7-17-8------
41, 19, 50, 83, 6, 9, 68, 12, 46, 74, 7, 64, 27, 4, 11, 55, 53
12, 55, 68, 11, 9, 4, 6, 27, 83, 64, 50, 7, 19, 74, 41, 46, 53
$$$$$$$$$$$$
------7-17-9------
41, 19, 50, 83, 6, 9, 68, 12, 46, 74, 7, 64, 27, 4, 11, 55, 53
46, 41, 74, 19, 7, 50, 64, 83, 27, 6, 4, 9, 11, 68, 55, 12, 53
$$$$$$$$$$$$
------7-17-10------
41, 19, 50, 83, 6, 9, 68, 12, 46, 74, 7, 64, 27, 4, 11, 55, 53
74, 50, 27, 9, 55, 46, 19, 64, 6, 11, 12, 41, 7, 83, 4, 68, 53
$$$$$$$$$$$$
------7-19-2------
41, 19, 50, 83, 6, 9, 68, 12, 46, 74, 7, 64, 27, 4, 11, 55, 53, 8, 30
19, 83, 9, 12, 74, 64, 4, 55, 8, 41, 50, 6, 68, 46, 7, 27, 11, 53, 30
$$$$$$$$$$$$
------7-19-3------
41, 19, 50, 83, 6, 9, 68, 12, 46, 74, 7, 64, 27, 4, 11, 55, 53, 8, 30
50, 9, 46, 64, 11, 8, 19, 6, 12, 7, 4, 53, 41, 83, 68, 74, 27, 55, 30
$$$$$$$$$$$$
------7-19-4------
41, 19, 50, 83, 6, 9, 68, 12, 46, 74, 7, 64, 27, 4, 11, 55, 53, 8, 30
83, 12, 64, 55, 41, 6, 46, 27, 53, 19, 9, 74, 4, 8, 50, 68, 7, 11, 30
$$$$$$$$$$$$
------7-19-5------
41, 19, 50, 83, 6, 9, 68, 12, 46, 74, 7, 64, 27, 4, 11, 55, 53, 8, 30
6, 74, 11, 41, 9, 7, 55, 19, 68, 64, 53, 50, 12, 27, 8, 83, 46, 4, 30
$$$$$$$$$$$$
------7-19-6------
41, 19, 50, 83, 6, 9, 68, 12, 46, 74, 7, 64, 27, 4, 11, 55, 53, 8, 30
9, 64, 8, 6, 7, 53, 83, 74, 55, 50, 46, 11, 19, 12, 4, 41, 68, 27, 30
$$$$$$$$$$$$
------7-19-7------
41, 19, 50, 83, 6, 9, 68, 12, 46, 74, 7, 64, 27, 4, 11, 55, 53, 8, 30
68, 4, 19, 46, 55, 83, 7, 8, 9, 27, 41, 12, 11, 50, 74, 53, 6, 64, 30
$$$$$$$$$$$$
------7-19-8------
41, 19, 50, 83, 6, 9, 68, 12, 46, 74, 7, 64, 27, 4, 11, 55, 53, 8, 30
12, 55, 6, 27, 19, 74, 8, 68, 11, 83, 64, 41, 46, 53, 9, 4, 50, 7, 30
$$$$$$$$$$$$
------7-19-9------
41, 19, 50, 83, 6, 9, 68, 12, 46, 74, 7, 64, 27, 4, 11, 55, 53, 8, 30
46, 8, 12, 53, 68, 55, 9, 11, 6, 4, 83, 27, 50, 64, 19, 7, 41, 74, 30
$$$$$$$$$$$$
------7-19-10------
41, 19, 50, 83, 6, 9, 68, 12, 46, 74, 7, 64, 27, 4, 11, 55, 53, 8, 30
74, 41, 7, 19, 64, 50, 27, 83, 4, 6, 11, 9, 55, 68, 53, 12, 8, 46, 30
$$$$$$$$$$$$
------8-11-2------
29, 47, 48, 16, 24, 90, 5, 10, 17, 31, 64
47, 16, 90, 10, 31, 29, 48, 24, 5, 17, 64
$$$$$$$$$$$$
------8-11-3------
29, 47, 48, 16, 24, 90, 5, 10, 17, 31, 64
48, 90, 17, 29, 16, 5, 31, 47, 24, 10, 64
$$$$$$$$$$$$
------8-11-4------
29, 47, 48, 16, 24, 90, 5, 10, 17, 31, 64
16, 10, 29, 24, 17, 47, 90, 31, 48, 5, 64
$$$$$$$$$$$$
------8-11-5------
29, 47, 48, 16, 24, 90, 5, 10, 17, 31, 64
24, 31, 16, 17, 48, 10, 47, 5, 29, 90, 64
$$$$$$$$$$$$
------8-11-6------
29, 47, 48, 16, 24, 90, 5, 10, 17, 31, 64
90, 29, 5, 47, 10, 48, 17, 16, 31, 24, 64
$$$$$$$$$$$$
------8-11-7------
29, 47, 48, 16, 24, 90, 5, 10, 17, 31, 64
5, 48, 31, 90, 47, 17, 24, 29, 10, 16, 64
$$$$$$$$$$$$
------8-11-8------
29, 47, 48, 16, 24, 90, 5, 10, 17, 31, 64
10, 24, 47, 31, 5, 16, 29, 17, 90, 48, 64
$$$$$$$$$$$$
------8-11-9------
29, 47, 48, 16, 24, 90, 5, 10, 17, 31, 64
17, 5, 24, 48, 29, 31, 10, 90, 16, 47, 64
$$$$$$$$$$$$
------8-11-10------
29, 47, 48, 16, 24, 90, 5, 10, 17, 31, 64
31, 17, 10, 5, 90, 24, 16, 48, 47, 29, 64
$$$$$$$$$$$$
------8-13-2------
29, 47, 48, 16, 24, 90, 5, 10, 17, 31, 64, 26, 51
47, 16, 90, 10, 31, 26, 29, 48, 24, 5, 17, 64, 51
$$$$$$$$$$$$
------8-13-3------
29, 47, 48, 16, 24, 90, 5, 10, 17, 31, 64, 26, 51
48, 90, 17, 26, 47, 24, 10, 64, 29, 16, 5, 31, 51
$$$$$$$$$$$$
------8-13-4------
29, 47, 48, 16, 24, 90, 5, 10, 17, 31, 64, 26, 51
16, 10, 26, 48, 5, 64, 47, 90, 31, 29, 24, 17, 51
$$$$$$$$$$$$
------8-13-5------
29, 47, 48, 16, 24, 90, 5, 10, 17, 31, 64, 26, 51
24, 31, 47, 5, 26, 16, 17, 29, 90, 64, 48, 10, 51
$$$$$$$$$$$$
------8-13-6------
29, 47, 48, 16, 24, 90, 5, 10, 17, 31, 64, 26, 51
90, 26, 24, 64, 16, 31, 48, 17, 47, 10, 29, 5, 51
$$$$$$$$$$$$
------8-13-7------
29, 47, 48, 16, 24, 90, 5, 10, 17, 31, 64, 26, 51
5, 29, 10, 47, 17, 48, 31, 16, 64, 24, 26, 90, 51
$$$$$$$$$$$$
------8-13-8------
29, 47, 48, 16, 24, 90, 5, 10, 17, 31, 64, 26, 51
10, 48, 64, 90, 29, 17, 16, 26, 5, 47, 31, 24, 51
$$$$$$$$$$$$
------8-13-9------
29, 47, 48, 16, 24, 90, 5, 10, 17, 31, 64, 26, 51
17, 24, 29, 31, 90, 47, 64, 5, 48, 26, 10, 16, 51
$$$$$$$$$$$$
------8-13-10------
29, 47, 48, 16, 24, 90, 5, 10, 17, 31, 64, 26, 51
31, 5, 16, 29, 64, 10, 24, 47, 26, 17, 90, 48, 51
$$$$$$$$$$$$
------8-17-2------
29, 47, 48, 16, 24, 90, 5, 10, 17, 31, 64, 26, 51, 82, 3, 58, 62
47, 16, 90, 10, 31, 26, 82, 58, 29, 48, 24, 5, 17, 64, 51, 3, 62
$$$$$$$$$$$$
------8-17-3------
29, 47, 48, 16, 24, 90, 5, 10, 17, 31, 64, 26, 51, 82, 3, 58, 62
48, 90, 17, 26, 3, 29, 16, 5, 31, 51, 58, 47, 24, 10, 64, 82, 62
$$$$$$$$$$$$
------8-17-4------
29, 47, 48, 16, 24, 90, 5, 10, 17, 31, 64, 26, 51, 82, 3, 58, 62
16, 10, 26, 58, 48, 5, 64, 3, 47, 90, 31, 82, 29, 24, 17, 51, 62
$$$$$$$$$$$$
------8-17-5------
29, 47, 48, 16, 24, 90, 5, 10, 17, 31, 64, 26, 51, 82, 3, 58, 62
24, 31, 3, 48, 10, 51, 29, 90, 64, 58, 16, 17, 82, 47, 5, 26, 62
$$$$$$$$$$$$
------8-17-6------
29, 47, 48, 16, 24, 90, 5, 10, 17, 31, 64, 26, 51, 82, 3, 58, 62
90, 26, 29, 5, 51, 47, 10, 82, 48, 17, 3, 16, 31, 58, 24, 64, 62
$$$$$$$$$$$$
------8-17-7------
29, 47, 48, 16, 24, 90, 5, 10, 17, 31, 64, 26, 51, 82, 3, 58, 62
5, 82, 16, 64, 29, 10, 3, 24, 26, 47, 17, 58, 90, 51, 48, 31, 62
$$$$$$$$$$$$
------8-17-8------
29, 47, 48, 16, 24, 90, 5, 10, 17, 31, 64, 26, 51, 82, 3, 58, 62
10, 58, 5, 3, 90, 82, 24, 51, 16, 26, 48, 64, 47, 31, 29, 17, 62
$$$$$$$$$$$$
------8-17-9------
29, 47, 48, 16, 24, 90, 5, 10, 17, 31, 64, 26, 51, 82, 3, 58, 62
17, 29, 31, 47, 64, 48, 26, 16, 51, 24, 82, 90, 3, 5, 58, 10, 62
$$$$$$$$$$$$
------8-17-10------
29, 47, 48, 16, 24, 90, 5, 10, 17, 31, 64, 26, 51, 82, 3, 58, 62
31, 48, 51, 90, 58, 17, 47, 26, 24, 3, 10, 29, 64, 16, 82, 5, 62
$$$$$$$$$$$$
------8-19-2------
29, 47, 48, 16, 24, 90, 5, 10, 17, 31, 64, 26, 51, 82, 3, 58, 62, 58, 49
47, 16, 90, 10, 31, 26, 82, 58, 58, 29, 48, 24, 5, 17, 64, 51, 3, 62, 49
$$$$$$$$$$$$
------8-19-3------
29, 47, 48, 16, 24, 90, 5, 10, 17, 31, 64, 26, 51, 82, 3, 58, 62, 58, 49
48, 90, 17, 26, 3, 58, 47, 24, 10, 64, 82, 62, 29, 16, 5, 31, 51, 58, 49
$$$$$$$$$$$$
------8-19-4------
29, 47, 48, 16, 24, 90, 5, 10, 17, 31, 64, 26, 51, 82, 3, 58, 62, 58, 49
16, 10, 26, 58, 29, 24, 17, 51, 62, 47, 90, 31, 82, 58, 48, 5, 64, 3, 49
$$$$$$$$$$$$
------8-19-5------
29, 47, 48, 16, 24, 90, 5, 10, 17, 31, 64, 26, 51, 82, 3, 58, 62, 58, 49
24, 31, 3, 29, 90, 64, 58, 47, 5, 26, 62, 48, 10, 51, 58, 16, 17, 82, 49
$$$$$$$$$$$$
------8-19-6------
29, 47, 48, 16, 24, 90, 5, 10, 17, 31, 64, 26, 51, 82, 3, 58, 62, 58, 49
90, 26, 58, 24, 64, 62, 16, 31, 58, 48, 17, 3, 47, 10, 82, 29, 5, 51, 49
$$$$$$$$$$$$
------8-19-7------
29, 47, 48, 16, 24, 90, 5, 10, 17, 31, 64, 26, 51, 82, 3, 58, 62, 58, 49
5, 82, 47, 17, 58, 16, 64, 58, 90, 51, 29, 10, 3, 48, 31, 62, 24, 26, 49
$$$$$$$$$$$$
------8-19-8------
29, 47, 48, 16, 24, 90, 5, 10, 17, 31, 64, 26, 51, 82, 3, 58, 62, 58, 49
10, 58, 24, 51, 47, 31, 58, 5, 3, 16, 26, 29, 17, 62, 90, 82, 48, 64, 49
$$$$$$$$$$$$
------8-19-9------
29, 47, 48, 16, 24, 90, 5, 10, 17, 31, 64, 26, 51, 82, 3, 58, 62, 58, 49
17, 58, 10, 62, 5, 58, 90, 3, 24, 82, 16, 51, 48, 26, 47, 64, 29, 31, 49
$$$$$$$$$$$$
------8-19-10------
29, 47, 48, 16, 24, 90, 5, 10, 17, 31, 64, 26, 51, 82, 3, 58, 62, 58, 49
31, 29, 64, 47, 26, 48, 51, 16, 82, 24, 3, 90, 58, 5, 62, 10, 58, 17, 49
$$$$$$$$$$$$
------9-11-2------
59, 78, 47, 34, 17, 23, 86, 0, 43, 64, 59
78, 34, 23, 0, 64, 59, 47, 17, 86, 43, 59
$$$$$$$$$$$$
------9-11-3------
59, 78, 47, 34, 17, 23, 86, 0, 43, 64, 59
47, 23, 43, 59, 34, 86, 64, 78, 17, 0, 59
$$$$$$$$$$$$
------9-11-4------
59, 78, 47, 34, 17, 23, 86, 0, 43, 64, 59
34, 0, 59, 17, 43, 78, 23, 64, 47, 86, 59
$$$$$$$$$$$$
------9-11-5------
59, 78, 47, 34, 17, 23, 86, 0, 43, 64, 59
17, 64, 34, 43, 47, 0, 78, 86, 59, 23, 59
$$$$$$$$$$$$
------9-11-6------
59, 78, 47, 34, 17, 23, 86, 0, 43, 64, 59
23, 59, 86, 78, 0, 47, 43, 34, 64, 17, 59
$$$$$$$$$$$$
------9-11-7------
59, 78, 47, 34, 17, 23, 86, 0, 43, 64, 59
86, 47, 64, 23, 78, 43, 17, 59, 0, 34, 59
$$$$$$$$$$$$
------9-11-8------
59, 78, 47, 34, 17, 23, 86, 0, 43, 64, 59
0, 17, 78, 64, 86, 34, 59, 43, 23, 47, 59
$$$$$$$$$$$$
------9-11-9------
59, 78, 47, 34, 17, 23, 86, 0, 43, 64, 59
43, 86, 17, 47, 59, 64, 0, 23, 34, 78, 59
$$$$$$$$$$$$
------9-11-10------
59, 78, 47, 34, 17, 23, 86, 0, 43, 64, 59
64, 43, 0, 86, 23, 17, 34, 47, 78, 59, 59
$$$$$$$$$$$$
------9-13-2------
59, 78, 47, 34, 17, 23, 86, 0, 43, 64, 59, 77, 10
78, 34, 23, 0, 64, 77, 59, 47, 17, 86, 43, 59, 10
$$$$$$$$$$$$
------9-13-3------
59, 78, 47, 34, 17, 23, 86, 0, 43, 64, 59, 77, 10
47, 23, 43, 77, 78, 17, 0, 59, 59, 34, 86, 64, 10
$$$$$$$$$$$$
------9-13-4------
59, 78, 47, 34, 17, 23, 86, 0, 43, 64, 59, 77, 10
34, 0, 77, 47, 86, 59, 78, 23, 64, 59, 17, 43, 10
$$$$$$$$$$$$
------9-13-5------
59, 78, 47, 34, 17, 23, 86, 0, 43, 64, 59, 77, 10
17, 64, 78, 86, 77, 34, 43, 59, 23, 59, 47, 0, 10
$$$$$$$$$$$$
------9-13-6------
59, 78, 47, 34, 17, 23, 86, 0, 43, 64, 59, 77, 10
23, 77, 17, 59, 34, 64, 47, 43, 78, 0, 59, 86, 10
$$$$$$$$$$$$
------9-13-7------
59, 78, 47, 34, 17, 23, 86, 0, 43, 64, 59, 77, 10
86, 59, 0, 78, 43, 47, 64, 34, 59, 17, 77, 23, 10
$$$$$$$$$$$$
------9-13-8------
59, 78, 47, 34, 17, 23, 86, 0, 43, 64, 59, 77, 10
0, 47, 59, 23, 59, 43, 34, 77, 86, 78, 64, 17, 10
$$$$$$$$$$$$
------9-13-9------
59, 78, 47, 34, 17, 23, 86, 0, 43, 64, 59, 77, 10
43, 17, 59, 64, 23, 78, 59, 86, 47, 77, 0, 34, 10
$$$$$$$$$$$$
------9-13-10------
59, 78, 47, 34, 17, 23, 86, 0, 43, 64, 59, 77, 10
64, 86, 34, 59, 59, 0, 17, 78, 77, 43, 23, 47, 10
$$$$$$$$$$$$
------9-17-2------
59, 78, 47, 34, 17, 23, 86, 0, 43, 64, 59, 77, 10, 42, 70, 78, 89
78, 34, 23, 0, 64, 77, 42, 78, 59, 47, 17, 86, 43, 59, 10, 70, 89
$$$$$$$$$$$$
------9-17-3------
59, 78, 47, 34, 17, 23, 86, 0, 43, 64, 59, 77, 10, 42, 70, 78, 89
47, 23, 43, 77, 70, 59, 34, 86, 64, 10, 78, 78, 17, 0, 59, 42, 89
$$$$$$$$$$$$
------9-17-4------
59, 78, 47, 34, 17, 23, 86, 0, 43, 64, 59, 77, 10, 42, 70, 78, 89
34, 0, 77, 78, 47, 86, 59, 70, 78, 23, 64, 42, 59, 17, 43, 10, 89
$$$$$$$$$$$$
------9-17-5------
59, 78, 47, 34, 17, 23, 86, 0, 43, 64, 59, 77, 10, 42, 70, 78, 89
17, 64, 70, 47, 0, 10, 59, 23, 59, 78, 34, 43, 42, 78, 86, 77, 89
$$$$$$$$$$$$
------9-17-6------
59, 78, 47, 34, 17, 23, 86, 0, 43, 64, 59, 77, 10, 42, 70, 78, 89
23, 77, 59, 86, 10, 78, 0, 42, 47, 43, 70, 34, 64, 78, 17, 59, 89
$$$$$$$$$$$$
------9-17-7------
59, 78, 47, 34, 17, 23, 86, 0, 43, 64, 59, 77, 10, 42, 70, 78, 89
86, 42, 34, 59, 59, 0, 70, 17, 77, 78, 43, 78, 23, 10, 47, 64, 89
$$$$$$$$$$$$
------9-17-8------
59, 78, 47, 34, 17, 23, 86, 0, 43, 64, 59, 77, 10, 42, 70, 78, 89
0, 78, 86, 70, 23, 42, 17, 10, 34, 77, 47, 59, 78, 64, 59, 43, 89
$$$$$$$$$$$$
------9-17-9------
59, 78, 47, 34, 17, 23, 86, 0, 43, 64, 59, 77, 10, 42, 70, 78, 89
43, 59, 64, 78, 59, 47, 77, 34, 10, 17, 42, 23, 70, 86, 78, 0, 89
$$$$$$$$$$$$
------9-17-10------
59, 78, 47, 34, 17, 23, 86, 0, 43, 64, 59, 77, 10, 42, 70, 78, 89
64, 47, 10, 23, 78, 43, 78, 77, 17, 70, 0, 59, 59, 34, 42, 86, 89
$$$$$$$$$$$$
------9-19-2------
59, 78, 47, 34, 17, 23, 86, 0, 43, 64, 59, 77, 10, 42, 70, 78, 89, 5, 93
78, 34, 23, 0, 64, 77, 42, 78, 5, 59, 47, 17, 86, 43, 59, 10, 70, 89, 93
$$$$$$$$$$$$
------9-19-3------
59, 78, 47, 34, 17, 23, 86, 0, 43, 64, 59, 77, 10, 42, 70, 78, 89, 5, 93
47, 23, 43, 77, 70, 5, 78, 17, 0, 59, 42, 89, 59, 34, 86, 64, 10, 78, 93
$$$$$$$$$$$$
------9-19-4------
59, 78, 47, 34, 17, 23, 86, 0, 43, 64, 59, 77, 10, 42, 70, 78, 89, 5, 93
34, 0, 77, 78, 59, 17, 43, 10, 89, 78, 23, 64, 42, 5, 47, 86, 59, 70, 93
$$$$$$$$$$$$
------9-19-5------
59, 78, 47, 34, 17, 23, 86, 0, 43, 64, 59, 77, 10, 42, 70, 78, 89, 5, 93
17, 64, 70, 59, 23, 59, 78, 78, 86, 77, 89, 47, 0, 10, 5, 34, 43, 42, 93
$$$$$$$$$$$$
------9-19-6------
59, 78, 47, 34, 17, 23, 86, 0, 43, 64, 59, 77, 10, 42, 70, 78, 89, 5, 93
23, 77, 5, 17, 59, 89, 34, 64, 78, 47, 43, 70, 78, 0, 42, 59, 86, 10, 93
$$$$$$$$$$$$
------9-19-7------
59, 78, 47, 34, 17, 23, 86, 0, 43, 64, 59, 77, 10, 42, 70, 78, 89, 5, 93
86, 42, 78, 43, 78, 34, 59, 5, 23, 10, 59, 0, 70, 47, 64, 89, 17, 77, 93
$$$$$$$$$$$$
------9-19-8------
59, 78, 47, 34, 17, 23, 86, 0, 43, 64, 59, 77, 10, 42, 70, 78, 89, 5, 93
0, 78, 17, 10, 78, 64, 5, 86, 70, 34, 77, 59, 43, 89, 23, 42, 47, 59, 93
$$$$$$$$$$$$
------9-19-9------
59, 78, 47, 34, 17, 23, 86, 0, 43, 64, 59, 77, 10, 42, 70, 78, 89, 5, 93
43, 5, 0, 89, 86, 78, 23, 70, 17, 42, 34, 10, 47, 77, 78, 59, 59, 64, 93
$$$$$$$$$$$$
------9-19-10------
59, 78, 47, 34, 17, 23, 86, 0, 43, 64, 59, 77, 10, 42, 70, 78, 89, 5, 93
64, 59, 59, 78, 77, 47, 10, 34, 42, 17, 70, 23, 78, 86, 89, 0, 5, 43, 93
$$$$$$$$$$$$
------10-11-2------
73, 4, 54, 61, 73, 1, 26, 59, 62, 35, 83
4, 61, 1, 59, 35, 73, 54, 73, 26, 62, 83
$$$$$$$$$$$$
------10-11-3------
73, 4, 54, 61, 73, 1, 26, 59, 62, 35, 83
54, 1, 62, 73, 61, 26, 35, 4, 73, 59, 83
$$$$$$$$$$$$
------10-11-4------
73, 4, 54, 61, 73, 1, 26, 59, 62, 35, 83
61, 59, 73, 73, 62, 4, 1, 35, 54, 26, 83
$$$$$$$$$$$$
------10-11-5------
73, 4, 54, 61, 73, 1, 26, 59, 62, 35, 83
73, 35, 61, 62, 54, 59, 4, 26, 73, 1, 83
$$$$$$$$$$$$
------10-11-6------
73, 4, 54, 61, 73, 1, 26, 59, 62, 35, 83
1, 73, 26, 4, 59, 54, 62, 61, 35, 73, 83
$$$$$$$$$$$$
------10-11-7------
73, 4, 54, 61, 73, 1, 26, 59, 62, 35, 83
26, 54, 35, 1, 4, 62, 73, 73, 59, 61, 83
$$$$$$$$$$$$
------10-11-8------
73, 4, 54, 61, 73, 1, 26, 59, 62, 35, 83
59, 73, 4, 35, 26, 61, 73, 62, 1, 54, 83
$$$$$$$$$$$$
------10-11-9------
73, 4, 54, 61, 73, 1, 26, 59, 62, 35, 83
62, 26, 73, 54, 73, 35, 59, 1, 61, 4, 83
$$$$$$$$$$$$
------10-11-10------
73, 4, 54, 61, 73, 1, 26, 59, 62, 35, 83
35, 62, 59, 26, 1, 73, 61, 54, 4, 73, 83
$$$$$$$$$$$$
------10-13-2------
73, 4, 54, 61, 73, 1, 26, 59, 62, 35, 83, 20, 4
4, 61, 1, 59, 35, 20, 73, 54, 73, 26, 62, 83, 4
$$$$$$$$$$$$
------10-13-3------
73, 4, 54, 61, 73, 1, 26, 59, 62, 35, 83, 20, 4
54, 1, 62, 20, 4, 73, 59, 83, 73, 61, 26, 35, 4
$$$$$$$$$$$$
------10-13-4------
73, 4, 54, 61, 73, 1, 26, 59, 62, 35, 83, 20, 4
61, 59, 20, 54, 26, 83, 4, 1, 35, 73, 73, 62, 4
$$$$$$$$$$$$
------10-13-5------
73, 4, 54, 61, 73, 1, 26, 59, 62, 35, 83, 20, 4
73, 35, 4, 26, 20, 61, 62, 73, 1, 83, 54, 59, 4
$$$$$$$$$$$$
------10-13-6------
73, 4, 54, 61, 73, 1, 26, 59, 62, 35, 83, 20, 4
1, 20, 73, 83, 61, 35, 54, 62, 4, 59, 73, 26, 4
$$$$$$$$$$$$
------10-13-7------
73, 4, 54, 61, 73, 1, 26, 59, 62, 35, 83, 20, 4
26, 73, 59, 4, 62, 54, 35, 61, 83, 73, 20, 1, 4
$$$$$$$$$$$$
------10-13-8------
73, 4, 54, 61, 73, 1, 26, 59, 62, 35, 83, 20, 4
59, 54, 83, 1, 73, 62, 61, 20, 26, 4, 35, 73, 4
$$$$$$$$$$$$
------10-13-9------
73, 4, 54, 61, 73, 1, 26, 59, 62, 35, 83, 20, 4
62, 73, 73, 35, 1, 4, 83, 26, 54, 20, 59, 61, 4
$$$$$$$$$$$$
------10-13-10------
73, 4, 54, 61, 73, 1, 26, 59, 62, 35, 83, 20, 4
35, 26, 61, 73, 83, 59, 73, 4, 20, 62, 1, 54, 4
$$$$$$$$$$$$
------10-17-2------
73, 4, 54, 61, 73, 1, 26, 59, 62, 35, 83, 20, 4, 66, 62, 41, 9
4, 61, 1, 59, 35, 20, 66, 41, 73, 54, 73, 26, 62, 83, 4, 62, 9
$$$$$$$$$$$$
------10-17-3------
73, 4, 54, 61, 73, 1, 26, 59, 62, 35, 83, 20, 4, 66, 62, 41, 9
54, 1, 62, 20, 62, 73, 61, 26, 35, 4, 41, 4, 73, 59, 83, 66, 9
$$$$$$$$$$$$
------10-17-4------
73, 4, 54, 61, 73, 1, 26, 59, 62, 35, 83, 20, 4, 66, 62, 41, 9
61, 59, 20, 41, 54, 26, 83, 62, 4, 1, 35, 66, 73, 73, 62, 4, 9
$$$$$$$$$$$$
------10-17-5------
73, 4, 54, 61, 73, 1, 26, 59, 62, 35, 83, 20, 4, 66, 62, 41, 9
73, 35, 62, 54, 59, 4, 73, 1, 83, 41, 61, 62, 66, 4, 26, 20, 9
$$$$$$$$$$$$
------10-17-6------
73, 4, 54, 61, 73, 1, 26, 59, 62, 35, 83, 20, 4, 66, 62, 41, 9
1, 20, 73, 26, 4, 4, 59, 66, 54, 62, 62, 61, 35, 41, 73, 83, 9
$$$$$$$$$$$$
------10-17-7------
73, 4, 54, 61, 73, 1, 26, 59, 62, 35, 83, 20, 4, 66, 62, 41, 9
26, 66, 61, 83, 73, 59, 62, 73, 20, 4, 62, 41, 1, 4, 54, 35, 9
$$$$$$$$$$$$
------10-17-8------
73, 4, 54, 61, 73, 1, 26, 59, 62, 35, 83, 20, 4, 66, 62, 41, 9
59, 41, 26, 62, 1, 66, 73, 4, 61, 20, 54, 83, 4, 35, 73, 62, 9
$$$$$$$$$$$$
------10-17-9------
73, 4, 54, 61, 73, 1, 26, 59, 62, 35, 83, 20, 4, 66, 62, 41, 9
62, 73, 35, 4, 83, 54, 20, 61, 4, 73, 66, 1, 62, 26, 41, 59, 9
$$$$$$$$$$$$
------10-17-10------
73, 4, 54, 61, 73, 1, 26, 59, 62, 35, 83, 20, 4, 66, 62, 41, 9
35, 54, 4, 1, 41, 62, 4, 20, 73, 62, 59, 73, 83, 61, 66, 26, 9
$$$$$$$$$$$$
------10-19-2------
73, 4, 54, 61, 73, 1, 26, 59, 62, 35, 83, 20, 4, 66, 62, 41, 9, 31, 95
4, 61, 1, 59, 35, 20, 66, 41, 31, 73, 54, 73, 26, 62, 83, 4, 62, 9, 95
$$$$$$$$$$$$
------10-19-3------
73, 4, 54, 61, 73, 1, 26, 59, 62, 35, 83, 20, 4, 66, 62, 41, 9, 31, 95
54, 1, 62, 20, 62, 31, 4, 73, 59, 83, 66, 9, 73, 61, 26, 35, 4, 41, 95
$$$$$$$$$$$$
------10-19-4------
73, 4, 54, 61, 73, 1, 26, 59, 62, 35, 83, 20, 4, 66, 62, 41, 9, 31, 95
61, 59, 20, 41, 73, 73, 62, 4, 9, 4, 1, 35, 66, 31, 54, 26, 83, 62, 95
$$$$$$$$$$$$
------10-19-5------
73, 4, 54, 61, 73, 1, 26, 59, 62, 35, 83, 20, 4, 66, 62, 41, 9, 31, 95
73, 35, 62, 73, 1, 83, 41, 4, 26, 20, 9, 54, 59, 4, 31, 61, 62, 66, 95
$$$$$$$$$$$$
------10-19-6------
73, 4, 54, 61, 73, 1, 26, 59, 62, 35, 83, 20, 4, 66, 62, 41, 9, 31, 95
1, 20, 31, 73, 83, 9, 61, 35, 41, 54, 62, 62, 4, 59, 66, 73, 26, 4, 95
$$$$$$$$$$$$
------10-19-7------
73, 4, 54, 61, 73, 1, 26, 59, 62, 35, 83, 20, 4, 66, 62, 41, 9, 31, 95
26, 66, 4, 62, 41, 61, 83, 31, 1, 4, 73, 59, 62, 54, 35, 9, 73, 20, 95
$$$$$$$$$$$$
------10-19-8------
73, 4, 54, 61, 73, 1, 26, 59, 62, 35, 83, 20, 4, 66, 62, 41, 9, 31, 95
59, 41, 73, 4, 4, 35, 31, 26, 62, 61, 20, 73, 62, 9, 1, 66, 54, 83, 95
$$$$$$$$$$$$
------10-19-9------
73, 4, 54, 61, 73, 1, 26, 59, 62, 35, 83, 20, 4, 66, 62, 41, 9, 31, 95
62, 31, 59, 9, 26, 41, 1, 62, 73, 66, 61, 4, 54, 20, 4, 83, 73, 35, 95
$$$$$$$$$$$$
------10-19-10------
73, 4, 54, 61, 73, 1, 26, 59, 62, 35, 83, 20, 4, 66, 62, 41, 9, 31, 95
35, 73, 83, 4, 20, 54, 4, 61, 66, 73, 62, 1, 41, 26, 9, 59, 31, 62, 95
$$$$$$$$$$$$
